1.000000000000000021e-02 1.381721814379901270e+00
1.000000000000000021e-02 1.343371662881997386e+00
1.000000000000000021e-02 1.380241415799549953e+00
1.000000000000000021e-02 1.398322403606158337e+00
1.000000000000000021e-02 1.373026226412090267e+00
2.000000000000000042e-02 1.356008978196004078e+00
2.000000000000000042e-02 1.333111409777685719e+00
2.000000000000000042e-02 1.323293300263804761e+00
2.000000000000000042e-02 1.327143644158785607e+00
2.000000000000000042e-02 1.392605513732594114e+00
2.999999999999999889e-02 1.316222681335653677e+00
2.999999999999999889e-02 1.307664789238055958e+00
2.999999999999999889e-02 1.310261846087391380e+00
2.999999999999999889e-02 1.343974195724134235e+00
2.999999999999999889e-02 1.321671720566422348e+00
4.000000000000000083e-02 1.376418025266469058e+00
4.000000000000000083e-02 1.331120165757734286e+00
4.000000000000000083e-02 1.348081407248832964e+00
4.000000000000000083e-02 1.274911724809234759e+00
4.000000000000000083e-02 1.289085821878740878e+00
