2.000000000000000111e-01 2.077125390226829627e+00 1.912983321331191533e+00
2.000000000000000111e-01 2.156430618774511920e+00 1.981181851711239172e+00
2.000000000000000111e-01 2.115628876634172428e+00 1.952078137158418381e+00
2.000000000000000111e-01 2.063590382281557556e+00 1.904722869401494156e+00
2.000000000000000111e-01 2.090186954143148146e+00 1.917315263678937232e+00
2.010000000000000120e-01 2.180543934278780682e+00 2.013909801468332983e+00
2.010000000000000120e-01 2.161061572226491201e+00 1.972860633325817181e+00
2.010000000000000120e-01 2.100487808710485460e+00 1.924011602807950805e+00
2.010000000000000120e-01 2.185675863382460005e+00 2.017172243559128386e+00
2.010000000000000120e-01 2.055916526296720281e+00 1.885126559360159382e+00
2.020000000000000129e-01 2.242549922722997913e+00 2.046724155702665193e+00
2.020000000000000129e-01 2.070725609319310490e+00 1.918876275744373805e+00
2.020000000000000129e-01 2.091535810276726082e+00 1.940892307474367362e+00
2.020000000000000129e-01 2.095464032631296103e+00 1.920455889518289272e+00
2.020000000000000129e-01 2.028771050182421654e+00 1.866941781251385546e+00
2.030000000000000138e-01 2.188801524232097950e+00 2.004756041977686642e+00
2.030000000000000138e-01 2.034519993467528653e+00 1.887047848848333764e+00
2.030000000000000138e-01 2.206131226139545376e+00 2.010978086144655119e+00
2.030000000000000138e-01 2.106996898298934440e+00 1.924997498232219328e+00
2.030000000000000138e-01 2.236301370193221505e+00 2.053710088834133085e+00
2.039999999999999869e-01 2.022646940988730435e+00 1.875985885846550349e+00
2.039999999999999869e-01 2.184751714268362122e+00 1.999691930568316067e+00
2.039999999999999869e-01 2.006098171392187712e+00 1.852050974408984363e+00
2.039999999999999869e-01 2.038381371525979979e+00 1.885269787474169956e+00
2.039999999999999869e-01 2.077985053825091466e+00 1.930201982381770875e+00
2.049999999999999878e-01 2.077392734111336736e+00 1.903380990841279763e+00
2.049999999999999878e-01 2.003322689291864744e+00 1.848650097259754599e+00
2.049999999999999878e-01 2.064864980660594540e+00 1.906981114359098006e+00
2.049999999999999878e-01 2.034329633392755188e+00 1.875289869688504085e+00
2.049999999999999878e-01 2.131391850727745840e+00 1.947547306855383686e+00
2.059999999999999887e-01 2.127615908062382211e+00 1.968811086736179883e+00
2.059999999999999887e-01 2.136617175265807855e+00 1.979298928663841828e+00
2.059999999999999887e-01 1.986802089023921969e+00 1.832729198541726001e+00
2.059999999999999887e-01 2.005452496099473070e+00 1.854473489815418485e+00
2.059999999999999887e-01 2.068187895963648604e+00 1.910212002047555035e+00
2.069999999999999896e-01 2.019710449702977861e+00 1.854881337710409861e+00
2.069999999999999896e-01 2.004000043416250154e+00 1.853359650818162008e+00
2.069999999999999896e-01 2.116704207251657532e+00 1.951295994814022494e+00
2.069999999999999896e-01 2.063376814655224045e+00 1.897748825172630882e+00
2.069999999999999896e-01 2.106852059149763701e+00 1.950140622913874910e+00
2.079999999999999905e-01 2.129276856015491326e+00 1.967518507863334154e+00
2.079999999999999905e-01 1.964804926627511827e+00 1.813273083633462290e+00
2.079999999999999905e-01 2.036475823641132887e+00 1.890488915405403869e+00
2.079999999999999905e-01 2.149777925549150925e+00 1.975693105960329099e+00
2.079999999999999905e-01 2.046799465157933096e+00 1.899433989894506070e+00
2.089999999999999913e-01 1.959157961443310780e+00 1.812806204802274834e+00
2.089999999999999913e-01 2.097475470944309084e+00 1.944027234196186171e+00
2.089999999999999913e-01 2.125985512106102870e+00 1.945194351312812930e+00
2.089999999999999913e-01 2.078035185736131218e+00 1.931397253484413490e+00
2.089999999999999913e-01 2.230640559936800660e+00 2.052883794162746689e+00
2.099999999999999922e-01 1.986785666658514637e+00 1.835349419632674728e+00
2.099999999999999922e-01 2.135871230629799111e+00 1.971184723806105765e+00
2.099999999999999922e-01 2.108331060538495283e+00 1.946090576604346589e+00
2.099999999999999922e-01 1.963181167762632962e+00 1.820429701142375567e+00
2.099999999999999922e-01 1.977661893237584678e+00 1.827238286240561838e+00
2.109999999999999931e-01 2.206579651037078538e+00 2.038325540804897251e+00
2.109999999999999931e-01 2.000438880649014095e+00 1.849064943226193858e+00
2.109999999999999931e-01 2.021681938833191694e+00 1.862273772055286880e+00
2.109999999999999931e-01 2.072460082253057223e+00 1.914715021972909659e+00
2.109999999999999931e-01 2.000049830584166521e+00 1.863305016105799794e+00
2.119999999999999940e-01 2.192945412870852095e+00 2.003236742726671515e+00
2.119999999999999940e-01 2.159440623610934917e+00 2.000008594834552511e+00
2.119999999999999940e-01 2.035119211259803773e+00 1.888795823650121219e+00
2.119999999999999940e-01 2.187891312825993140e+00 2.006261204169531798e+00
2.119999999999999940e-01 1.974073289400344100e+00 1.820202029115652209e+00
2.129999999999999949e-01 2.034766093296212386e+00 1.887896847246262055e+00
2.129999999999999949e-01 1.995860581916627075e+00 1.837902064151953674e+00
2.129999999999999949e-01 2.022452745682126629e+00 1.880443031373151719e+00
2.129999999999999949e-01 1.988626127182737235e+00 1.838093118550887972e+00
2.129999999999999949e-01 2.042224299240247731e+00 1.876722451273789449e+00
2.139999999999999958e-01 2.073881591096644161e+00 1.916534612987492947e+00
2.139999999999999958e-01 2.027428045023857539e+00 1.890178927429914557e+00
2.139999999999999958e-01 1.955441160761218988e+00 1.816202101722468099e+00
2.139999999999999958e-01 2.039296201747502035e+00 1.896821895538418623e+00
2.139999999999999958e-01 2.003110884741461373e+00 1.849232665570775591e+00
2.149999999999999967e-01 2.221346704612288114e+00 2.033362738659069358e+00
2.149999999999999967e-01 1.929628636371744976e+00 1.786517369832727464e+00
2.149999999999999967e-01 2.162461886218615792e+00 1.989050528158446074e+00
2.149999999999999967e-01 2.016414062521846073e+00 1.861379232709881482e+00
2.149999999999999967e-01 2.142732787052094690e+00 1.977827198004883602e+00
2.159999999999999976e-01 1.993963802160980237e+00 1.836091539740379197e+00
2.159999999999999976e-01 1.959170309249368414e+00 1.831156177301623167e+00
2.159999999999999976e-01 2.007969666143052390e+00 1.861554073275619281e+00
2.159999999999999976e-01 2.109132034005812617e+00 1.947812824040110247e+00
2.159999999999999976e-01 2.005186839940480859e+00 1.872507995732868968e+00
2.169999999999999984e-01 2.148165934683717637e+00 1.962498232533923748e+00
2.169999999999999984e-01 1.962099056821448695e+00 1.833508993764683792e+00
2.169999999999999984e-01 2.040585792374310259e+00 1.876311705340151681e+00
2.169999999999999984e-01 1.970556398784522933e+00 1.833741973535152558e+00
2.169999999999999984e-01 2.049366387202805395e+00 1.902997406497644484e+00
2.179999999999999993e-01 2.103001012656053881e+00 1.929361524705557107e+00
2.179999999999999993e-01 2.127939332349843227e+00 1.953346566956827512e+00
2.179999999999999993e-01 2.196895175120674448e+00 2.031416402037278690e+00
2.179999999999999993e-01 2.000813641279107546e+00 1.850913720386855754e+00
2.179999999999999993e-01 1.936632283952379963e+00 1.790306719624839227e+00
2.190000000000000002e-01 1.942138871152488733e+00 1.814083437493080098e+00
2.190000000000000002e-01 2.156067328838888297e+00 1.985897173424169271e+00
2.190000000000000002e-01 1.961191364958291716e+00 1.834652240787997934e+00
2.190000000000000002e-01 2.100544192014498712e+00 1.926773085497191396e+00
2.190000000000000002e-01 2.135263285527741139e+00 1.974214973242932603e+00
